4294967279,49
4294967279,48
4294967278,174
4294967279,51
4294967279,50
4294967279,88
4294967279,174
4294967294,128
4294967294,186
4243767290,0
4294967279,53
4294967279,52
4294967279,55
4294967279,54
4294967279,229
4294967279,227
4294967279,225
4294967278,220
4294967279,220
4294967279,56
4294967279,57
4294967279,58
4294967279,59
4294967279,63
4294967279,62
4294967279,61
4294967279,60
4294967279,68
4294967279,67
4294967279,66
4294967279,65
4294967279,64
4294967278,218
4294967278,216
4294967279,217
4294967278,349
4294967279,216
4294967278,348
4294967278,347
4294967279,215
4294967278,346
4294967279,214
4294967279,74
4294967279,73
4294967279,72
4294967279,71
4294967279,70
4294967279,69
4294967279,86
4294967279,85
4294967279,84
4294967279,83
4294967279,82
4294967279,81
4294967279,80
4294967279,79
4294967279,78
4294967279,77
4294967279,76
4294967279,75
4294967279,223
4294967279,107
4294967279,221
4294967279,106
4294967279,219
4294967279,105
4294967279,104
4294967279,103
4294967279,102
4294967279,101
4294967279,100
4294967279,99
4294967279,98
4294967279,97
4294967279,96
4294967279,95
4294967279,94
4294967279,93
4294967279,92
4294967279,91
4294967279,90
4294967279,89
4294967279,87
4294967278,33
4294967278,31
4294967278,28
4294967278,27
4294967278,26
4294967278,274
4294967278,24
4294967278,23
4294967278,19
4294967278,17
4294967278,14
4294967278,13
4294967278,264
4294967278,11
4294967278,279
4294967278,10
4294967278,9
4294967278,8
4294967278,7
4294967278,6
4294967278,5
4294967278,4
4294967279,132
4294967279,131
4294967279,257
4294967279,130
4294967279,129
4294967279,128
4294967279,127
4294967279,126
4294967279,254
4294967279,125
4294967279,124
4294967279,123
4294967279,122
4294967279,121
4294967279,120
4294967279,119
4294967279,118
4294967279,117
4294967279,116
4294967279,239
4294967279,115
4294967279,237
4294967279,114
4294967279,113
4294967279,233
4294967279,112
4294967279,111
4294967279,110
4294967279,109
4294967279,108
4294967279,277
4294967279,17
4294967279,16
4294967279,14
4294967279,13
4294967279,540
4294967279,539
4294967279,538
4294967278,345
4294967278,344
4294967278,343
4294967278,201
4294967279,537
27,5
27,4
27,3
27,2
27,1
4294967278,194
26,4
26,3
26,2
26,1
4294967279,536
25,5
25,4
25,3
25,2
25,1
4294967279,535
4294967278,176
4294967294,394
4294967294,178
4294967294,384
4294967294,420
4294967294,167
4294967294,405
4294967294,469
4294967294,451
4294967294,189
4294967294,109
24,5
24,4
24,3
24,2
24,1
4294967278,165
4294967278,164
4294967278,163
4294967278,162
4294967278,342
4294967279,534
4294967278,341
4294967279,533
4294967278,340
4294967294,474
4294967278,339
4294967278,154
4294967278,338
4294967278,152
4294967278,337
4294967278,149
21,6
4294967278,151
21,5
21,4
4294967278,150
21,3
21,2
21,1
4294967278,336
4294967278,37
4294967278,335
4294967278,36
4294967279,532
4294967278,334
4294967278,35
4294967278,146
4294967278,333
4294967278,34
4294967279,531
4294967278,145
4294967294,1426
4294967278,32
4294967278,143
4294967278,332
4294967278,30
4294967278,29
4294967294,1425
4294967278,141
4294967278,140
4294967278,139
4294967279,278
4294967278,331
4294967278,25
4294967279,137
4294967279,288
4294967278,136
4294967294,16
4294967294,15
4294967278,135
4294967278,22
4294967278,283
4294967279,134
4294967278,12
4294967278,21
4294967278,273
4294967279,21
4294967279,287
4294967278,272
4294967278,330
4294967278,20
4294967279,20
4294967278,271
4294967279,273
4294967294,1424
4294967278,265
4294967278,18
4294967278,282
4294967279,18
4294967279,286
4294967279,271
4294967278,329
4294967278,16
4294967278,267
4294967278,328
4294967278,15
4294967279,285
18,6
18,5
4294967279,268
18,4
18,3
18,2
18,1
4294967278,327
4294967279,11
4294967279,283
4294967279,530
4294967279,282
4294967278,326
4294967279,529
4294967279,259
4294967278,325
4294967278,324
4294967279,528
4294967279,527
4294967278,323
4294967279,526
4294967279,525
4294967278,322
4294967294,385
4294967279,524
4294967279,523
4294967279,522
4294967278,321
4294967278,320
4294967279,521
4294967278,319
4294967279,520
4294967278,255
4294967278,318
4294967278,254
4294967278,253
4294967279,519
4294967278,250
4294967278,249
4294967278,246
4294967278,247
4294967278,240
16,6
4294967278,244
16,5
16,4
4294967278,242
16,3
16,2
16,1
4294967278,241
4294967278,239
4294967279,518
4294967294,974
4294967294,1028
4294967294,162
4294967294,972
4294967294,985
4294967294,1030
4294967294,409
4294967294,395
4294967294,437
4294967294,179
4294967294,407
4294967294,139
4294967294,414
4294967294,168
4294967294,1015
4294967294,1020
4294967294,401
4294967294,456
4294967294,468
4294967294,111
4294967294,460
4294967294,169
4294967278,317
4294967278,236
4294967278,233
4294967294,37
4294967294,36
4294967294,39
4294967278,231
4294967278,232
4294967278,229
4294967278,228
4294967278,225
4294967278,226
4294967278,223
4294967278,221
